File name convention:

AERO_DES_ZERO.strip = flaps not deflected, baseline case for operation
AERO_DES_FPS.strip = flaps deflected, max loading occurs here



To get data from the matlab file "ReadStrips.m", run the following in Matlab command line:

[Cl, Cd, ai, cmc4, chord, yLE, Fx, Fy, Fz, yl, Mc4] = ReadStrips('AERO_DES_ZERO.strip', 0, 'AERO_DES_STRUCT.mat')
[Cl, Cd, ai, cmc4, chord, yLE, Fx, Fy, Fz, yl, Mc4] = ReadStrips('AERO_DES_FPS.strip', 0, 'AERO_DES_STRUCT.mat')



If you just want the data, it is as follows:
Cl = [0.0765    0.1980
    0.0520    0.2744
    0.0533    0.3225
    0.0595    0.3575
    0.0674    0.3830
    0.0761    0.3980
    0.0852    0.4045
    0.0943    0.4076
    0.1033    0.4105
    0.1123    0.4145
    0.1213    0.4206
    0.1302    0.4293
    0.1390    0.4413
    0.1480    0.4563
    0.1570    0.4706
    0.1662    0.4694
    0.1758    0.4000
    0.1858       NaN
    0.1964       NaN
    0.2081       NaN
    0.2215       NaN
    0.2376       NaN
    0.2600       NaN
    0.3139       NaN
    0.2786       NaN
    0.2739       NaN
    0.2756       NaN
    0.2804       NaN
    0.2871       NaN
    0.2954       NaN
    0.3050       NaN
    0.3158       NaN
    0.3277       NaN
    0.3409       NaN
    0.3554       NaN
    0.3714       NaN
    0.3890       NaN
    0.4085       NaN
    0.4303       NaN
    0.4547       NaN
    0.4824       NaN
    0.5143       NaN
    0.5514       NaN
    0.5957       NaN
    0.6504       NaN
    0.7215       NaN
    0.8190       NaN
    0.8903       NaN
    0.9826       NaN
    1.0507       NaN
    1.1028       NaN
    1.1445       NaN
    1.1788       NaN
    1.2076       NaN
    1.2319       NaN
    1.2526       NaN
    1.2701       NaN
    1.2850       NaN
    1.2975       NaN
    1.3078       NaN
    1.3162       NaN
    1.3226       NaN
    1.3272       NaN
    1.3299       NaN
    1.3308       NaN
    1.3297       NaN
    1.3264       NaN
    1.3202       NaN
    1.3102       NaN
    1.2931       NaN
    1.2554       NaN
    1.2806       NaN
    1.2858       NaN
    1.2838       NaN
    1.2778       NaN
    1.2687       NaN
    1.2568       NaN
    1.2425       NaN
    1.2256       NaN
    1.2061       NaN
    1.1838       NaN
    1.1585       NaN
    1.1299       NaN
    1.0974       NaN
    1.0605       NaN
    1.0186       NaN
    0.9705       NaN
    0.9148       NaN
    0.8496       NaN
    0.7714       NaN
    0.6748       NaN
    0.5476       NaN
    0.3434       NaN];

Cd = [-0.0009    0.0446
    0.0051    0.0601
    0.0043    0.0690
    0.0036    0.0748
    0.0030    0.0786
    0.0026    0.0811
    0.0022    0.0825
    0.0019    0.0833
    0.0016    0.0840
    0.0014    0.0846
    0.0013    0.0853
    0.0011    0.0860
    0.0010    0.0866
    0.0010    0.0863
    0.0010    0.0833
    0.0010    0.0739
    0.0010    0.0528
    0.0011       NaN
    0.0012       NaN
    0.0014       NaN
    0.0016       NaN
    0.0020       NaN
    0.0026       NaN
   -0.0132       NaN
    0.0024       NaN
    0.0016       NaN
    0.0011       NaN
    0.0007       NaN
    0.0004       NaN
    0.0001       NaN
   -0.0001       NaN
   -0.0003       NaN
   -0.0004       NaN
   -0.0005       NaN
   -0.0005       NaN
   -0.0005       NaN
   -0.0004       NaN
   -0.0002       NaN
    0.0001       NaN
    0.0006       NaN
    0.0012       NaN
    0.0021       NaN
    0.0033       NaN
    0.0049       NaN
    0.0070       NaN
    0.0100       NaN
    0.0241       NaN
    0.0345       NaN
    0.0766       NaN
    0.0921       NaN
    0.1026       NaN
    0.1101       NaN
    0.1156       NaN
    0.1197       NaN
    0.1228       NaN
    0.1251       NaN
    0.1269       NaN
    0.1282       NaN
    0.1292       NaN
    0.1299       NaN
    0.1304       NaN
    0.1307       NaN
    0.1309       NaN
    0.1309       NaN
    0.1307       NaN
    0.1302       NaN
    0.1295       NaN
    0.1283       NaN
    0.1263       NaN
    0.1224       NaN
    0.0690       NaN
    0.1230       NaN
    0.1273       NaN
    0.1299       NaN
    0.1316       NaN
    0.1328       NaN
    0.1337       NaN
    0.1343       NaN
    0.1347       NaN
    0.1348       NaN
    0.1348       NaN
    0.1345       NaN
    0.1338       NaN
    0.1328       NaN
    0.1314       NaN
    0.1293       NaN
    0.1264       NaN
    0.1224       NaN
    0.1170       NaN
    0.1094       NaN
    0.0985       NaN
    0.0816       NaN
    0.0353       NaN];


cmc4 = [0.0494   -0.0602
    0.0949   -0.0761
    0.1162   -0.0825
    0.1294   -0.0854
    0.1382   -0.0869
    0.1444   -0.0883
    0.1487   -0.0898
    0.1518   -0.0910
    0.1540   -0.0917
    0.1555   -0.0919
    0.1566   -0.0915
    0.1573   -0.0903
    0.1577   -0.0877
    0.1578   -0.0828
    0.1577   -0.0740
    0.1574   -0.0593
    0.1569   -0.0368
    0.1560       NaN
    0.1548       NaN
    0.1531       NaN
    0.1506       NaN
    0.1467       NaN
    0.1398       NaN
    0.1194       NaN
    0.1389       NaN
    0.1449       NaN
    0.1479       NaN
    0.1496       NaN
    0.1504       NaN
    0.1506       NaN
    0.1504       NaN
    0.1499       NaN
    0.1491       NaN
    0.1480       NaN
    0.1466       NaN
    0.1448       NaN
    0.1426       NaN
    0.1399       NaN
    0.1365       NaN
    0.1322       NaN
    0.1269       NaN
    0.1200       NaN
    0.1110       NaN
    0.0990       NaN
    0.0823       NaN
    0.0579       NaN
    0.0181       NaN
   -0.0100       NaN
   -0.0497       NaN
   -0.0742       NaN
   -0.0908       NaN
   -0.1028       NaN
   -0.1117       NaN
   -0.1184       NaN
   -0.1237       NaN
   -0.1278       NaN
   -0.1310       NaN
   -0.1335       NaN
   -0.1355       NaN
   -0.1371       NaN
   -0.1383       NaN
   -0.1391       NaN
   -0.1396       NaN
   -0.1397       NaN
   -0.1395       NaN
   -0.1388       NaN
   -0.1376       NaN
   -0.1355       NaN
   -0.1319       NaN
   -0.1252       NaN
   -0.1050       NaN
   -0.1246       NaN
   -0.1308       NaN
   -0.1338       NaN
   -0.1355       NaN
   -0.1362       NaN
   -0.1363       NaN
   -0.1360       NaN
   -0.1353       NaN
   -0.1343       NaN
   -0.1329       NaN
   -0.1311       NaN
   -0.1290       NaN
   -0.1264       NaN
   -0.1233       NaN
   -0.1195       NaN
   -0.1149       NaN
   -0.1093       NaN
   -0.1021       NaN
   -0.0929       NaN
   -0.0803       NaN
   -0.0617       NaN
   -0.0232       NaN];


chord = [0.3000    0.1700
    0.3000    0.1700
    0.3000    0.1700
    0.3000    0.1700
    0.3000    0.1700
    0.3000    0.1700
    0.3000    0.1700
    0.3000    0.1700
    0.3000    0.1700
    0.3000    0.1700
    0.3000    0.1700
    0.3000    0.1700
    0.3000    0.1700
    0.3000    0.1700
    0.3000    0.1700
    0.3000    0.1700
    0.3000    0.1700
    0.3000       NaN
    0.3000       NaN
    0.3000       NaN
    0.3000       NaN
    0.3000       NaN
    0.3000       NaN
    0.3000       NaN
    0.3000       NaN
    0.3000       NaN
    0.3000       NaN
    0.3000       NaN
    0.3000       NaN
    0.3000       NaN
    0.3000       NaN
    0.3000       NaN
    0.3000       NaN
    0.3000       NaN
    0.3000       NaN
    0.3000       NaN
    0.3000       NaN
    0.3000       NaN
    0.3000       NaN
    0.3000       NaN
    0.3000       NaN
    0.3000       NaN
    0.3000       NaN
    0.3000       NaN
    0.3000       NaN
    0.3000       NaN
    0.3000       NaN
    0.3000       NaN
    0.3000       NaN
    0.3000       NaN
    0.3000       NaN
    0.3000       NaN
    0.3000       NaN
    0.3000       NaN
    0.3000       NaN
    0.3000       NaN
    0.3000       NaN
    0.3000       NaN
    0.3000       NaN
    0.3000       NaN
    0.3000       NaN
    0.3000       NaN
    0.3000       NaN
    0.3000       NaN
    0.3000       NaN
    0.3000       NaN
    0.3000       NaN
    0.3000       NaN
    0.3000       NaN
    0.3000       NaN
    0.3000       NaN
    0.3000       NaN
    0.3000       NaN
    0.3000       NaN
    0.3000       NaN
    0.3000       NaN
    0.3000       NaN
    0.3000       NaN
    0.3000       NaN
    0.3000       NaN
    0.3000       NaN
    0.3000       NaN
    0.3000       NaN
    0.3000       NaN
    0.3000       NaN
    0.3000       NaN
    0.3000       NaN
    0.3000       NaN
    0.3000       NaN
    0.3000       NaN
    0.3000       NaN
    0.3000       NaN
    0.3000       NaN];


yLE = [-1.5900   -0.5338
   -1.5714   -0.5015
   -1.5541   -0.4691
   -1.5368   -0.4368
   -1.5195   -0.4044
   -1.5023   -0.3721
   -1.4850   -0.3397
   -1.4677   -0.3074
   -1.4505   -0.2750
   -1.4332   -0.2426
   -1.4159   -0.2103
   -1.3986   -0.1779
   -1.3814   -0.1456
   -1.3641   -0.1132
   -1.3468   -0.0809
   -1.3295   -0.0485
   -1.3123   -0.0162
   -1.2950       NaN
   -1.2777       NaN
   -1.2605       NaN
   -1.2432       NaN
   -1.2259       NaN
   -1.2086       NaN
   -1.1900       NaN
   -1.1714       NaN
   -1.1541       NaN
   -1.1368       NaN
   -1.1195       NaN
   -1.1023       NaN
   -1.0850       NaN
   -1.0677       NaN
   -1.0505       NaN
   -1.0332       NaN
   -1.0159       NaN
   -0.9986       NaN
   -0.9814       NaN
   -0.9641       NaN
   -0.9468       NaN
   -0.9295       NaN
   -0.9123       NaN
   -0.8950       NaN
   -0.8777       NaN
   -0.8605       NaN
   -0.8432       NaN
   -0.8259       NaN
   -0.8086       NaN
   -0.7950       NaN
   -0.7850       NaN
   -0.7714       NaN
   -0.7541       NaN
   -0.7368       NaN
   -0.7195       NaN
   -0.7023       NaN
   -0.6850       NaN
   -0.6677       NaN
   -0.6505       NaN
   -0.6332       NaN
   -0.6159       NaN
   -0.5986       NaN
   -0.5814       NaN
   -0.5641       NaN
   -0.5468       NaN
   -0.5295       NaN
   -0.5123       NaN
   -0.4950       NaN
   -0.4777       NaN
   -0.4605       NaN
   -0.4432       NaN
   -0.4259       NaN
   -0.4086       NaN
   -0.3900       NaN
   -0.3714       NaN
   -0.3543       NaN
   -0.3371       NaN
   -0.3200       NaN
   -0.3029       NaN
   -0.2857       NaN
   -0.2686       NaN
   -0.2514       NaN
   -0.2343       NaN
   -0.2171       NaN
   -0.2000       NaN
   -0.1829       NaN
   -0.1657       NaN
   -0.1486       NaN
   -0.1314       NaN
   -0.1143       NaN
   -0.0971       NaN
   -0.0800       NaN
   -0.0629       NaN
   -0.0457       NaN
   -0.0286       NaN
   -0.0100       NaN];
   
Fx = [-0.0048    0.1354
    0.0273    0.1825
    0.0230    0.2095
    0.0193    0.2271
    0.0161    0.2387
    0.0139    0.2462
    0.0118    0.2505
    0.0102    0.2529
    0.0086    0.2550
    0.0075    0.2569
    0.0070    0.2590
    0.0059    0.2611
    0.0054    0.2629
    0.0054    0.2620
    0.0054    0.2529
    0.0054    0.2244
    0.0054    0.1603
    0.0059       NaN
    0.0064       NaN
    0.0075       NaN
    0.0086       NaN
    0.0107       NaN
    0.0139       NaN
   -0.0707       NaN
    0.0129       NaN
    0.0086       NaN
    0.0059       NaN
    0.0038       NaN
    0.0021       NaN
    0.0005       NaN
   -0.0005       NaN
   -0.0016       NaN
   -0.0021       NaN
   -0.0027       NaN
   -0.0027       NaN
   -0.0027       NaN
   -0.0021       NaN
   -0.0011       NaN
    0.0005       NaN
    0.0032       NaN
    0.0064       NaN
    0.0113       NaN
    0.0177       NaN
    0.0263       NaN
    0.0375       NaN
    0.0536       NaN
    0.1291       NaN
    0.1849       NaN
    0.4104       NaN
    0.4935       NaN
    0.5497       NaN
    0.5899       NaN
    0.6194       NaN
    0.6414       NaN
    0.6580       NaN
    0.6703       NaN
    0.6799       NaN
    0.6869       NaN
    0.6923       NaN
    0.6960       NaN
    0.6987       NaN
    0.7003       NaN
    0.7014       NaN
    0.7014       NaN
    0.7003       NaN
    0.6976       NaN
    0.6939       NaN
    0.6875       NaN
    0.6767       NaN
    0.6558       NaN
    0.3697       NaN
    0.6591       NaN
    0.6821       NaN
    0.6960       NaN
    0.7051       NaN
    0.7116       NaN
    0.7164       NaN
    0.7196       NaN
    0.7217       NaN
    0.7223       NaN
    0.7223       NaN
    0.7207       NaN
    0.7169       NaN
    0.7116       NaN
    0.7041       NaN
    0.6928       NaN
    0.6773       NaN
    0.6558       NaN
    0.6269       NaN
    0.5862       NaN
    0.5278       NaN
    0.4372       NaN
    0.1891       NaN];

Fz = [0.4099    0.6012
    0.2786    0.8332
    0.2856    0.9792
    0.3188    1.0855
    0.3611    1.1629
    0.4078    1.2084
    0.4565    1.2282
    0.5053    1.2376
    0.5535    1.2464
    0.6017    1.2585
    0.6499    1.2771
    0.6976    1.3035
    0.7448    1.3399
    0.7930    1.3855
    0.8412    1.4289
    0.8905    1.4252
    0.9420    1.2145
    0.9955       NaN
    1.0523       NaN
    1.1150       NaN
    1.1868       NaN
    1.2731       NaN
    1.3931       NaN
    1.6819       NaN
    1.4928       NaN
    1.4676       NaN
    1.4767       NaN
    1.5024       NaN
    1.5383       NaN
    1.5828       NaN
    1.6342       NaN
    1.6921       NaN
    1.7559       NaN
    1.8266       NaN
    1.9043       NaN
    1.9900       NaN
    2.0843       NaN
    2.1888       NaN
    2.3056       NaN
    2.4364       NaN
    2.5848       NaN
    2.7557       NaN
    2.9545       NaN
    3.1918       NaN
    3.4849       NaN
    3.8659       NaN
    4.3883       NaN
    4.7704       NaN
    5.2649       NaN
    5.6298       NaN
    5.9090       NaN
    6.1324       NaN
    6.3162       NaN
    6.4705       NaN
    6.6007       NaN
    6.7116       NaN
    6.8054       NaN
    6.8852       NaN
    6.9522       NaN
    7.0074       NaN
    7.0524       NaN
    7.0867       NaN
    7.1113       NaN
    7.1258       NaN
    7.1306       NaN
    7.1247       NaN
    7.1071       NaN
    7.0738       NaN
    7.0202       NaN
    6.9286       NaN
    6.7266       NaN
    6.8616       NaN
    6.8895       NaN
    6.8788       NaN
    6.8466       NaN
    6.7979       NaN
    6.7341       NaN
    6.6575       NaN
    6.5669       NaN
    6.4625       NaN
    6.3430       NaN
    6.2074       NaN
    6.0542       NaN
    5.8800       NaN
    5.6823       NaN
    5.4578       NaN
    5.2001       NaN
    4.9016       NaN
    4.5523       NaN
    4.1333       NaN
    3.6157       NaN
    2.9341       NaN
    1.8400       NaN];


yl =

   -0.5460


Mc4 = [0.0794   -0.0311
    0.1525   -0.0393
    0.1868   -0.0426
    0.2080   -0.0441
    0.2221   -0.0449
    0.2321   -0.0456
    0.2390   -0.0464
    0.2440   -0.0470
    0.2475   -0.0473
    0.2500   -0.0474
    0.2517   -0.0472
    0.2529   -0.0466
    0.2535   -0.0453
    0.2537   -0.0427
    0.2535   -0.0382
    0.2530   -0.0306
    0.2522   -0.0190
    0.2508       NaN
    0.2488       NaN
    0.2461       NaN
    0.2421       NaN
    0.2358       NaN
    0.2247       NaN
    0.1919       NaN
    0.2233       NaN
    0.2329       NaN
    0.2377       NaN
    0.2405       NaN
    0.2418       NaN
    0.2421       NaN
    0.2418       NaN
    0.2410       NaN
    0.2397       NaN
    0.2379       NaN
    0.2357       NaN
    0.2328       NaN
    0.2292       NaN
    0.2249       NaN
    0.2194       NaN
    0.2125       NaN
    0.2040       NaN
    0.1929       NaN
    0.1784       NaN
    0.1591       NaN
    0.1323       NaN
    0.0931       NaN
    0.0291       NaN
   -0.0161       NaN
   -0.0799       NaN
   -0.1193       NaN
   -0.1460       NaN
   -0.1652       NaN
   -0.1796       NaN
   -0.1903       NaN
   -0.1988       NaN
   -0.2054       NaN
   -0.2106       NaN
   -0.2146       NaN
   -0.2178       NaN
   -0.2204       NaN
   -0.2223       NaN
   -0.2236       NaN
   -0.2244       NaN
   -0.2246       NaN
   -0.2242       NaN
   -0.2231       NaN
   -0.2212       NaN
   -0.2178       NaN
   -0.2120       NaN
   -0.2013       NaN
   -0.1688       NaN
   -0.2003       NaN
   -0.2103       NaN
   -0.2151       NaN
   -0.2178       NaN
   -0.2189       NaN
   -0.2191       NaN
   -0.2186       NaN
   -0.2175       NaN
   -0.2159       NaN
   -0.2136       NaN
   -0.2107       NaN
   -0.2074       NaN
   -0.2032       NaN
   -0.1982       NaN
   -0.1921       NaN
   -0.1847       NaN
   -0.1757       NaN
   -0.1641       NaN
   -0.1493       NaN
   -0.1291       NaN
   -0.0992       NaN
   -0.0373       NaN];